0.396	0.305	0.300
0.375	0.392	0.233
0.419	0.555	0.027
0.213	0.621	0.166
0.605	0.347	0.048
0.358	0.184	0.458
0.506	0.363	0.131
0.114	0.418	0.469
0.449	0.178	0.373
0.069	0.511	0.420
0.320	0.430	0.250
0.241	0.477	0.283
0.023	0.613	0.364
0.030	0.397	0.573
0.547	0.046	0.407
0.180	0.466	0.354
0.085	0.524	0.391
0.254	0.211	0.536
0.074	0.087	0.839
0.435	0.118	0.446
0.268	0.396	0.336
0.153	0.305	0.542
0.583	0.325	0.092
0.437	0.202	0.360
0.389	0.281	0.331
0.091	0.586	0.323
0.513	0.099	0.388
0.285	0.242	0.473
0.425	0.204	0.371
0.729	0.246	0.024
0.245	0.363	0.392
0.484	0.101	0.416
0.046	0.494	0.460
0.163	0.672	0.165
0.378	0.281	0.340
