0.742	0.036	0.222
0.223	0.368	0.409
0.504	0.072	0.424
0.323	0.675	0.002
0.176	0.374	0.450
0.521	0.446	0.033
0.186	0.592	0.223
0.393	0.331	0.276
0.291	0.409	0.301
0.261	0.687	0.052
0.427	0.501	0.073
0.547	0.049	0.404
0.385	0.024	0.591
0.265	0.308	0.427
0.273	0.578	0.148
0.067	0.362	0.571
0.107	0.507	0.387
0.248	0.480	0.272
0.204	0.535	0.261
