0.477	0.223	0.299
0.443	0.192	0.365
0.130	0.471	0.399
0.171	0.771	0.058
0.225	0.485	0.289
0.293	0.633	0.075
0.156	0.263	0.581
0.233	0.210	0.556
0.501	0.303	0.196
0.480	0.425	0.095
0.310	0.179	0.512
0.322	0.365	0.313
0.452	0.118	0.430
0.044	0.519	0.437
0.110	0.851	0.039
0.360	0.045	0.595
0.537	0.237	0.226
0.278	0.375	0.347
0.320	0.561	0.120
0.337	0.447	0.216
0.505	0.081	0.415
0.098	0.585	0.316
0.478	0.209	0.313
0.236	0.247	0.517
0.375	0.294	0.331
0.487	0.057	0.456
0.268	0.318	0.414
0.532	0.120	0.348
0.460	0.466	0.074
0.367	0.065	0.568
0.552	0.444	0.004
0.222	0.388	0.391
0.038	0.682	0.280
0.370	0.185	0.445
0.618	0.027	0.355
0.161	0.525	0.314
0.624	0.251	0.124
0.573	0.171	0.256
0.215	0.360	0.425
0.287	0.175	0.539
0.283	0.200	0.517
0.216	0.427	0.358
0.199	0.473	0.328
0.329	0.250	0.421
0.327	0.111	0.562
0.449	0.203	0.349
0.483	0.408	0.109
0.521	0.159	0.320
0.580	0.376	0.044
0.613	0.091	0.296
0.387	0.270	0.343
0.260	0.483	0.257
0.227	0.350	0.422
0.444	0.038	0.518
0.495	0.408	0.097
0.399	0.301	0.300
0.209	0.408	0.383
0.506	0.443	0.051
0.454	0.216	0.330
0.493	0.115	0.392
0.219	0.593	0.187
0.050	0.624	0.326
