0.096	0.501	0.403
0.231	0.702	0.067
0.535	0.176	0.289
0.026	0.791	0.183
0.407	0.154	0.439
0.468	0.083	0.449
0.241	0.218	0.542
0.356	0.113	0.530
0.324	0.367	0.309
0.511	0.009	0.480
0.387	0.119	0.494
0.355	0.344	0.301
0.390	0.093	0.517
0.607	0.095	0.298
0.013	0.503	0.485
0.285	0.307	0.408
0.321	0.639	0.040
0.229	0.510	0.260
0.087	0.619	0.294
