0.310	0.279	0.411
0.407	0.282	0.311
0.248	0.116	0.636
0.379	0.577	0.044
0.731	0.190	0.079
0.220	0.378	0.402
0.596	0.036	0.369
0.490	0.192	0.318
0.540	0.015	0.446
0.354	0.603	0.043
0.461	0.185	0.353
0.746	0.082	0.172
0.399	0.306	0.294
0.516	0.443	0.041
0.020	0.653	0.327
0.046	0.468	0.485
0.329	0.275	0.396
0.309	0.413	0.277
0.548	0.239	0.213
0.243	0.326	0.431
0.386	0.408	0.206
0.239	0.405	0.356
0.228	0.422	0.350
0.361	0.387	0.252
0.490	0.486	0.025
0.047	0.468	0.485
0.027	0.522	0.452
0.227	0.376	0.398
0.201	0.542	0.257
0.566	0.335	0.099
0.249	0.424	0.326
0.690	0.167	0.143
0.271	0.691	0.038
0.432	0.192	0.377
0.347	0.185	0.468
0.362	0.239	0.398
0.402	0.320	0.278
0.151	0.442	0.407
0.174	0.637	0.189
0.393	0.225	0.383
0.331	0.424	0.245
0.220	0.397	0.382
0.592	0.015	0.393
0.258	0.404	0.338
0.449	0.461	0.091
0.247	0.065	0.688
0.353	0.251	0.396
0.104	0.632	0.264
0.358	0.626	0.017
0.464	0.307	0.230
0.415	0.243	0.342
0.339	0.246	0.415
0.727	0.253	0.020
0.531	0.466	0.003
0.487	0.193	0.320
0.459	0.250	0.291
0.496	0.365	0.139
0.136	0.266	0.598
0.234	0.429	0.337
0.398	0.475	0.127
0.411	0.428	0.161
0.058	0.407	0.535
0.221	0.530	0.249
0.095	0.143	0.762
0.093	0.725	0.182
0.293	0.376	0.331
0.135	0.093	0.771
0.306	0.352	0.342
0.037	0.813	0.150
0.421	0.148	0.431
0.548	0.064	0.388
0.277	0.281	0.442
